18 deg: 
011111111100001010001101010101011010101010110100010111111010101110000100010001101010001101010101011010101010110101010101101010101011110101011101101010101000010001010110101010000000000000000000000000111111111000001010001011010101010110101010101100010101101010101011000100010001111010001011010101010110101010101101010101011000101000110101010110001010100011110101010111101010100001000100011000100010110001010001101010101011110101010101101010101011010001000010001010110101010101101010001000010001010101101010101011010101010110101010001101010101101010001011111101010111111010101011010101010110101010001100010001000010

19 deg:
011111111100001010000101010101101010101011010100010111101010101111000100010000101010001101010101011010101011010101010110101010101111110101011110101010101100010001011010101010000000000000000000000000111111111100001010001101010101011010101010110100010101101010101011000100010001101010001011010101010110101010110101010101101000101000010101010110001010100011010101010110101010100001000100011000100011010001010000101010101111010101010110101010101101010001000010001010110101010101101010001100010001011101101010101101010101011010101010000101010101101010001011110101011111101010101011010101010110101010000100010001100010

rivitys

01111111110000101000110101010101101010101011010001
01111111110000101000010101010110101010101101010001

01111110101011100001000100011010100011010101010110
01111010101011110001000100001010100011010101010110 

10101010110101010101101010101011110101011101101010
10101011010101010110101010101111110101011110101010

10100001000101011010101000000000000000000000000011
10110001000101101010101000000000000000000000000011

11111110000010100010110101010101101010101011000101
11111111000010100011010101010110101010101101000101

01101010101011000100010001111010001011010101010110
01101010101011000100010001101010001011010101010110

10101010110101010101100010100011010101011000101010
10101011010101010110100010100001010101011000101010

00111101010101111010101000010001000110001000101100
00110101010101101010101000010001000110001000110100

01010001101010101011110101010101101010101011010001
01010000101010101111010101010110101010101101010001

00001000101011010101010110101000100001000101010110
00001000101011010101010110101000110001000101110110

10101010110101010101101010100011010101011010100010
10101011010101010110101010100001010101011010100010

11111101010111111010101011010101010110101010001100
11110101011111101010101011010101010110101010000100

010001000010
010001100010


